# oST version 5.0 parameters


[image]

width
800

height
600

[narrow_stereo]

camera matrix
750.350517 0.000000 391.359592
0.000000 726.501571 284.020122
0.000000 0.000000 1.000000

distortion
0.129144 -0.235789 0.001638 0.004837 0.000000

rectification
1.000000 0.000000 0.000000
0.000000 1.000000 0.000000
0.000000 0.000000 1.000000

projection
763.072510 0.000000 393.883025 0.000000
0.000000 740.569885 284.202692 0.000000
0.000000 0.000000 1.000000 0.000000
