# oST version 5.0 parameters


[image]

width
1640

height
1232

[narrow_stereo]

camera matrix
798.329413 0.000000 808.407747
0.000000 776.175119 588.434443
0.000000 0.000000 1.000000

distortion
0.099071 -0.094133 0.001479 0.000945 0.000000

rectification
1.000000 0.000000 0.000000
0.000000 1.000000 0.000000
0.000000 0.000000 1.000000

projection
797.842651 0.000000 807.914827 0.000000
0.000000 795.398926 589.593466 0.000000
0.000000 0.000000 1.000000 0.000000
